0,116,66,58,85,100,99,94,97,67,74,
116,0,57,59,34,22,47,52,34,70,73,
66,57,0,31,41,52,33,67,32,59,67,
58,59,31,0,27,42,59,42,51,28,36,
85,34,41,27,0,15,54,28,41,37,42,
100,22,52,42,15,0,56,30,41,49,51,
99,47,33,59,54,56,0,82,14,85,92,
94,52,67,42,28,30,82,0,69,28,27,
97,34,32,51,41,41,14,69,0,74,81,
67,70,59,28,37,49,85,28,74,0,8,
74,73,67,36,42,51,92,27,81,8,0,
